# CD002042 Embedded 2x2 Tables
# Source: Carson JL et al. Transfusion thresholds for guiding red blood cell
#         transfusion. Cochrane Database Syst Rev. 2021;12:CD002042.
# Extracted from published Cochrane review via Pairwise70 framework.
# ai = experimental events, n1i = experimental N,
# ci = control events, n2i = control N

cd002042_embedded <- list(

  mortality = list(
    name = "30-day mortality",
    ai = c(1, 84, 0, 0, 4, 2, 1, 43, 7, 173, 0, 2, 1, 20, 5, 2, 7, 21, 0, 15, 17, 168, 8, 78, 14, 1, 0, 0, 0, 74, 1, 0, 26, 1, 0, 16, 5, 0, 7, 94, 19, 12, 1, 23, 0, 3, 14, 13, 0, 0, 0),
    n1i = c(25, 151, 26, 13, 50, 44, 42, 1009, 54, 1749, 15, 24, 59, 342, 60, 26, 23, 144, 109, 249, 216, 502, 33, 418, 257, 363, 40, 62, 25, 2427, 21, 50, 1000, 29, 23, 168, 100, 261, 40, 418, 416, 51, 29, 101, 30, 82, 320, 787, 17, 3, 53),
    ci = c(2, 67, 2, 0, 4, 2, 1, 52, 1, 146, 0, 1, 2, 26, 0, 1, 1, 12, 1, 12, 17, 175, 9, 98, 25, 3, 0, 0, 2, 87, 1, 0, 19, 1, 0, 15, 3, 0, 5, 82, 34, 16, 2, 8, 0, 3, 14, 7, 0, 0, 0),
    n2i = c(25, 149, 24, 15, 49, 47, 42, 1007, 55, 1755, 15, 21, 30, 324, 60, 36, 21, 140, 109, 253, 195, 496, 36, 420, 382, 354, 40, 65, 27, 2429, 22, 49, 1003, 29, 21, 177, 100, 258, 40, 397, 417, 49, 31, 97, 30, 80, 317, 778, 17, 3, 54)
  ),

  chf = list(
    name = "Morbidity: congestive heart failure",
    ai = c(35, 7, 102, 3, 11, 6, 1, 2, 0, 22, 0, 0, 0, 8, 1, 1, 2, 12, 0, 5),
    n1i = c(1009, 54, 1749, 24, 342, 366, 94, 60, 488, 418, 20, 112, 50, 23, 100, 20, 423, 444, 13, 101),
    ci = c(27, 2, 111, 9, 12, 6, 1, 0, 0, 45, 1, 0, 0, 3, 2, 0, 2, 21, 0, 2),
    n2i = c(1007, 55, 1755, 21, 324, 366, 96, 60, 489, 420, 18, 112, 49, 21, 100, 18, 397, 445, 14, 97)
  ),

  transfusion = list(
    name = "Participants exposed to blood transfusion (all trials)",
    ai = c(62, 5, 74, 12, 40, 19, 415, 15, 589, 10, 13, 59, 122, 128, 41, 22, 15, 13, 109, 37, 118, 175, 326, 18, 280, 133, 15, 195, 22, 16, 9, 1271, 23, 637, 19, 19, 11, 141, 11, 33, 13, 79, 20, 205, 80, 8, 141, 219, 5, 40, 26, 33, 13, 39, 146, 386, 14),
    n1i = c(151, 26, 212, 13, 50, 42, 1009, 54, 1749, 15, 24, 59, 342, 366, 96, 60, 36, 23, 144, 109, 249, 216, 502, 33, 418, 403, 20, 363, 40, 62, 25, 2430, 50, 1000, 29, 23, 30, 168, 100, 261, 25, 299, 20, 423, 149, 12, 367, 444, 13, 51, 29, 101, 30, 82, 320, 787, 15),
    ci = c(91, 24, 104, 15, 43, 41, 974, 55, 1665, 15, 21, 30, 323, 365, 52, 44, 25, 21, 140, 46, 198, 187, 490, 35, 420, 247, 18, 265, 35, 65, 19, 1765, 46, 952, 29, 20, 16, 166, 100, 251, 22, 119, 18, 307, 129, 10, 365, 384, 14, 49, 29, 47, 19, 64, 310, 778, 17),
    n2i = c(149, 24, 216, 15, 49, 42, 1007, 55, 1755, 15, 21, 30, 324, 366, 96, 60, 26, 21, 140, 109, 253, 195, 496, 36, 420, 533, 18, 354, 40, 65, 27, 2430, 49, 1003, 29, 21, 33, 177, 100, 258, 25, 304, 18, 397, 150, 10, 369, 445, 14, 49, 31, 97, 30, 80, 317, 778, 17)
  )
)
